90
90 76 12 6
90 76 12
388 5 597
90 46
38 280 4
38 9 7 4
38 4
38 19 11 4
38 9 6
38 9
38 34 22 6
38 34 22
113 130 38 34 22 6
38 592 27 22 6
16 61 20 33 11
16 61 20 33 11 4
16 61 20 86 11
16 61 20 86 11 4
16 4
65
216 73 20 43 22
224 73 20 39 22
216 73 20 43 22 6
224 73 20 39 22 6
502 34 22 6
31 5 41 250 11 4
188 94 11 4
188 94 4
293 255 9 6
293 255 9
561 18 202 19 6
347 18 202 19 6
38 9 22 6
38 496 6
70 41 4
70 5 41 4
70 5 41 9 7 4
96 9 6
96 34 22 6
96 9 22 6
227 27 24 6
89 227 27 24 6
458 56 6
645 11 6
89 178 36 20 27 4
178 36 20 45 33 7 4
120 6
120 22 6
308 625 18 613 8 6
138 6
141 22 6
321 24 6
141 24 6
141 6
81 34 22 6
16 18 4
16 4
370 330 52 43 22 6
281 13 27 328 6
281 13 27 22 6
249 24 6
249 22 6
31 11 57 5 4
31 11 57 5 569 9 7 4
31 5 57 18 43 24 6
31 18 57 18 43 22 6
110 5 57 18 670 506 8 58 24 6
48 11 57 5 41 151 11 7 19 4
398 128 18 17 9 7 4
128 5 221 18 17 4
128 5 221 18 17 9 7 4
143 72 18 17 19 33 9 7 4
72 11 84 19 50 5 15 12 7 4
72 11 42 5 16 18 17 9 7 6
79 10 72 11 17 19 32 11 130 5 21 4
79 10 5 16 18 17 9 7 4
83 5 17 9 7 4
83 11 25 50 18 17 9 7 6
83 11 84 19 50 5 15 12 7 6
83 11 42 5 16 18 17 9 7 4
16 530 18 17 9 7 4
79 10 17 19 83 11 42 5 15 12 7 4
335 11 436 5 16 18 135 17 9 7 6
104 5 25 50 18 17 9 7 6
104 11 84 19 50 5 15 12 7 4
97 5 572 23 88 10 68 29 8 7 4
104 11 17 19 42 5 16 9 7 4
79 10 104 11 42 5 16 18 17 9 7 4
78 5 25 50 18 17 9 7 6
97 5 180 10 5 14 8 11 9 7 6
364 5 180 10 5 94 166 5 15 12 7 4
97 11 78 11 26 5 16 9 7 4
78 11 42 5 16 18 17 9 7 4
79 10 78 10 32 35 108 5 15 12 7 4
97 5 599 5 36 29 8 7 183
78 11 84 19 26 5 15 12 7 183
17 19 208 5 15 12 7 4
639 208 18 17 19 11 9 7 4
17 19 62 5 16 9 7 4
17 19 105 5 15 12 7 4
633 609 5 131 11 105 9 7 4
351 5 17 19 11 9 7 4
28 11 74 5 16 9 7 4
25 50 23 327 11 9 7 4
247 135 17 19 13 5 16 9 7 6
242 5 17 9 7 6
25 534 23 250 11 9 7 4
17 19 242 269 5 82 12 7 4
28 5 421 10 68 20 251 9 7 4
28 11 118 532 5 40 9 7 4
118 5 40 4
118 5 4
59 67 20 93 22 6
59 67 20 22 6
414 6
446 6
666 5 17 9 7 4
17 19 42 5 4
17 19 42 5 16 4
42 5 16 18 17 19 11 4
17 19 145 5 16 4
17 19 145 5 4
17 19 145 5 16 9 7 4
28 11 119 5 16 9 7 4
197 54 223 11 4
197 54 292 8 4
484 6
222 11 231 5 4
31 5 16 23 32 8 11 4
285 108 30 4
285 108 30 16 4
31 5 16 23 32 8 11 4
16 32 35 4
317 555 30 44 66 4
28 11 222 11 231 5 16 9 7 4
600 5 16 23 32 29 8 7 4
31 11 278 589 5 109 9 7 4
403 170 5 16 23 32 29 8 7 4
638 5 16 23 32 8 11 4
47 230 5 16 7 32 8 4
350 5 16 23 32 35 4
195 213 5 16 18 43 7 19 4
31 5 16 95 10 480 29 8 7 4
31 5 16 95 10 147 12 7 4
565 6
460 6
571 6
519 6
663 492 6
494 6
648 125 5 15 45 33 6
125 5 15 45 33 6
125 5 27 22 6
184 5 164 6
28 11 85 5 4
28 11 85 5 16 9 7 4
112 5 109 495 85 19 11 4
17 19 146 5 4
25 146 18 17 9 7 4
69 19 146 5 16 4
482 5 40 18 43 11 4
311 5 16 5 277 4
440 5 41 4
521 5 17 4
329 5 17 4
47 149 5 17 4
149 5 17 4
297 5 17 4
471 5 102 4
238 5 102 4
32 235 15 45 33 6
65 6
65 76 12 6
206 24 6
65 76 29 8 6
366 6
59 48 6
198 10 5 14 8 13 21 4
198 5 14 8 13 15 12 7 4
157 10 5 14 8 13 21 4
157 10 5 14 8 13 15 12 7 4
212 5 14 8 13 21 4
212 5 14 8 13 15 12 7 4
265 5 14 8 13 21 4
265 10 5 14 8 13 15 12 7 4
237 5 14 8 13 21 4
237 10 5 14 8 13 15 12 7 4
294 10 5 14 8 13 21 4
294 10 5 14 8 13 15 12 7 6
260 10 5 14 8 13 15 12 7 6
260 10 5 14 8 13 15 12 7 6
171 10 5 14 8 13 21 4
171 10 5 14 8 13 5 15 12 7 4
132 10 5 14 8 13 15 12 7 4
132 10 5 14 8 13 21 4
263 10 5 14 8 13 21 4
263 10 5 14 8 13 15 12 7 4
215 10 5 14 8 13 21 4
215 10 5 14 8 13 15 12 7 4
300 10 5 14 8 13 18 15 12 7 4
300 10 5 14 8 13 21 4
273 10 5 14 8 13 21 4
273 10 14 8 13 15 12 7 4
179 10 5 14 8 13 15 12 7 4
179 10 5 14 8 13 21 4
177 10 5 14 8 13 15 12 7 6
177 10 14 8 13 5 21 4
276 10 5 14 8 13 21 6
276 10 5 14 8 13 15 12 7 4
241 10 5 14 8 13 15 12 7 4
241 10 5 14 8 13 21 4
189 10 5 14 8 13 15 12 7 4
189 10 5 14 8 13 21 4
211 10 5 14 8 13 21 4
211 10 5 14 8 13 15 12 7 4
194 10 5 14 8 13 21 4
194 10 5 14 8 13 15 12 7 4
129 10 5 14 8 13 21 4
129 10 5 14 8 13 15 12 7 4
154 10 5 14 8 13 15 12 7 4
154 10 5 14 8 13 21 4
289 10 5 14 8 13 21 4
289 10 5 14 8 13 15 12 7 4
271 10 5 14 8 13 21 4
271 10 5 14 8 13 15 12 7 4
274 10 5 14 8 13 15 12 7 4
274 10 5 14 8 13 21 4
266 10 5 14 8 13 21 4
266 10 5 14 8 13 15 12 7 4
252 10 5 14 8 13 15 12 7 4
252 10 5 14 8 13 21 4
254 10 5 14 8 13 15 12 7 4
254 5 14 8 13 21 4
218 5 14 8 13 15 12 7 4
218 5 14 8 13 21 4
207 10 5 14 8 13 21 4
207 10 5 14 8 13 15 12 7 4
246 10 5 14 8 13 21 4
246 10 5 14 8 13 15 12 7 4
204 10 5 14 8 13 15 12 7 4
204 10 5 14 8 13 21 4
283 10 5 14 8 13 21 4
283 10 5 14 8 13 15 12 7 4
214 10 5 14 8 13 15 12 7 4
214 5 14 8 13 21 4
270 10 5 14 8 13 15 12 7 4
270 14 8 13 21 4
245 5 14 8 13 21 4
245 5 14 8 13 15 12 7 4
258 10 5 14 8 13 15 12 7 4
258 10 5 14 8 13 21 4
275 10 5 14 8 13 15 12 7 4
275 10 5 14 8 13 21 4
182 10 5 14 8 13 21 4
182 10 14 8 13 15 12 7 4
199 10 5 14 8 13 21 4
199 10 5 14 8 13 15 12 7 4
205 10 5 14 8 13 21 4
205 5 14 8 13 15 12 7 4
268 10 5 14 8 13 15 12 7 4
268 5 14 8 13 21 4
240 10 5 14 8 13 15 12 7 4
240 10 5 14 8 13 21 4
244 10 5 14 8 13 21 4
244 10 5 14 8 13 15 12 7 4
298 10 5 14 8 13 15 12 7 4
298 10 5 14 8 13 21 4
167 10 5 14 8 13 21 4
167 10 5 14 8 13 15 12 7 4
173 5 14 8 13 21 4
173 10 5 14 8 13 15 12 7 4
122 5 16 100 4
394 5 619 19 11 4
143 107 18 341 11 4
232 10 501 19 56 5 41 522 4
556 11 423 5 117 19 13 9 7 4
554 5 16 100 4
402 5 25 11 4
112 5 169 19 11 4 191 19 11 4
28 5 169 9 7 4
28 5 191 9 7 4
28 5 604 4
28 5 16 628 9 7 4
54 23 223 49 655 18 352 12 6
452 9 6
28 10 386 13 439 15 45 33 6
217 20 6
48 5 48 11 190 18 579 30 160 92 4
653 158 29 8 6
152 64 30 16 4
17 19 301 5 40 4
17 19 466 5 4
47 239 262 9 7 4
119 5 16 9 7 4
200 175 7 19 4
284 5 16 100 4
284 5 148 11 4
232 5 124 9 24 6
16 36 20 361 4
478 5 607 9 24 6
110 5 305 8 22 6
31 5 53 29 8 6
53 29 8 6
53 8 22 6
47 230 10 407 23 32 29 8 6
434 23 32 29 8 6
31 5 243 23 36 29 8 6
48 5 43 13 15 12 7 4
48 57 10 151 49 39 19 4
62 23 161 20 93 6
28 5 38 19 11 4
89 43 13 27 7 19 6
122 10 139 12 6
31 5 332 369 29 8 6
563 30 16 9 7 4
500 49 5 16 9 7 4
426 493 35 9 6
393 5 343 77 37 6
623 8 13 291 518 344 140 385 581 8 174 10 80 29 8 6
476 5 91 325 12 7 4
25 56 5 17 9 7 4
25 56 10 139 12 7 4
41 193 99 80 35 375 10 418 12 7 4
17 19 291 52 5 117 19 11 9 7 4
296 11 119 5 485 12 7 4
580 557 9 6
602 30 16 9 7 4
161 20 16 9 7 4
360 30 16 9 7 4
595 30 16 9 7 4
286 11 26 5 4
286 5 25 26 18 15 12 7 4
172 11 26 5 4
172 5 25 26 18 15 12 7 4
234 11 26 5 4
234 5 25 26 18 15 12 7 4
220 11 26 5 4
220 5 25 26 18 15 12 7 4
287 11 26 5 4
287 5 25 26 18 15 12 7 4
288 11 26 5 4
288 5 25 26 18 15 12 7 4
219 11 26 5 4
219 5 25 26 18 15 12 7 4
225 11 26 5 4
225 5 25 26 18 15 12 7 4
256 11 26 5 4
256 5 25 26 18 15 12 7 4
153 11 26 5 4
153 5 25 26 18 15 12 7 4
282 11 26 5 4
282 5 25 26 18 15 12 7 4
299 11 26 5 4
299 5 25 26 18 15 12 7 4
257 5 17 9 7 6
25 257 18 17 9 7 4
457 5 551 12 7 4
614 5 88 12 7 4
278 5 16 95 10 384 11 4
545 11 372 5 16 23 36 20 86 11 4
181 5 598 12 7 4
181 5 187 12 7 4
617 5 17 9 7 4
662 520 9 24 6
25 56 9 7 4
442 11 115 17 9 7 4
36 647 11 115 5 497 9 7 4
312 11 115 5 17 9 7 4
195 213 5 322 23 32 29 8 6
461 30 16 4
671 30 16 4
378 30 16 4
339 528 30 44 66 4
487 491 431 30 44 66 4
578 472 504 20 44 20 12 4
586 9 24 6
405 64 49 159 10 16 23 348 10 196 35 9 7 4
106 5 148 11 51 37 7 4
510 10 130 326 5 631 11 51 37 7 4
334 236 33 51 37 7 4
25 56 10 80 35 9 7 4
307 10 47 313 23 32 8 11 5 82 635 9 7 4
424 64 473 11 468 30 16 9 7 4
116 156 165 5 15 12 7 4
116 5 21 11 4
116 21 4
61 20 22 6
550 353 55 20 126 29 8 24 6
248 32 35 19 4
290 6
138 19 6 54 9 6
435 5 121 9 6
447 36 35 6
665 140 525 584 6
170 60 4 416 60 4
316 238 5 17 9 7 4
131 18 190 23 88 8 11 51 37 4
644 10 68 35 19 4
98 583 147 229 6
383 5 296 11 610 4
567 649 346 6
226 319 226 445 91 365 6
132 264 133 46
427 264 133 46
444 133 46
417 10 233 10 615 22 6
553 53 8 6
53 8 6
98 654 576 9 6
209 10 622 35 6
669 515 19 163 5 121 9 6
228 19 163 5 121 9 6
338 122 10 139 12 6
626 269 11 25 50 18 17 9 7 6
543 18 323 99 16 111 333 12 7 4
363 11 62 5 16 18 17 9 7 4
511 11 62 5 16 18 17 9 7 4
379 11 62 5 16 18 17 9 7 4
138 75 63 5 40 58 87 11 51 37 7 4
277 75 63 5 40 58 87 11 533 7 4
455 75 63 5 40 58 87 11 51 37 7 4
541 11 63 5 40 58 87 627 336 7 4
612 75 63 5 40 58 87 11 51 37 7 4
59 48 46 30 39 526 6
53 20 192 8 6
390 560 36 12 6
28 11 464 5 131 4
17 34 75 63 5 124 10 36 35 9 6
477 18 517 29 8 6
621 5 17 9 7 6
475 5 17 9 7 6
661 18 69 9 6
523 18 516 27 11 18 547 165 9 6
537 18 69 9 6
114 5 124 9 24 6
483 236 33 9 7 4
401 235 55 20 126 8 6
632 30 16 9 7 4
17 19 13 5 109 9 7 4
359 11 5 69 9 7 4 102 9 7 4
368 11 5 69 9 7 4 102 9 7 4
31 5 272 659 6
512 6
31 5 262 123 8 6
575 6
331 10 68 35 9 7 6
641 108 5 17 9 7 4
590 463 27 422 5 41 193 99 43 9 7 4
106 52 135 432 357 5 16 4
106 11 302 5 4
566 430 9 6
28 5 38 9 7 4
637 10 562 23 196 12 7 4
243 5 17 9 7 4
591 5 91 68 12 7 4
16 248 18 17 9 7 4
549 10 14 8 13 5 15 12 7 4
529 10 5 91 68 12 7 4
113 11 354 23 668 20 630 12 7 4
642 5 44 20 12 7 6
499 10 16 448 105 23 412 12 7 4
47 149 49 297 5 71 18 17 9 7 4
367 5 17 9 7 4
267 60 9 7 4 542 60 9 7 4
186 60 9 7 4 481 60 9 7 4
31 5 419 123 8 6
247 16 95 9 7 4
546 10 5 16 23 137 20 94 4
25 209 10 304 52 86 11 4
28 5 25 404 9 7 4
660 23 44 20 12 7 4
428 106 5 634 650 148 11 9 7 4
459 52 362 36 20 150 12 6
640 10 27 301 10 14 20 251 9 7 4
342 5 17 9 7 4
54 23 292 8 13 5 15 12 7 6
184 451 507 29 8 4
594 10 80 35 9 7 4
489 10 80 35 9 7 4
616 46
399 30 44 20 12 4
16 100 18 17 9 7 4
559 23 88 8 13 5 15 12 7 6
396 5 32 201 37 6
467 23 32 10 201 37 46
413 49 505 23 603 10 5 4
513 5 137 20 82 12 7 4
469 5 41 55 20 82 12 7 4
450 577 14 20 150 12 6
31 5 503 23 137 20 14 8 337 18 43 9 7 4
454 5 17 9 7 4
486 400 10 389 20 192 8 6
582 5 160 92 9 7 4
31 5 488 9 6
387 30 44 20 12 7 4
437 18 17 9 6
186 10 453 6
498 46 239 18 303 34 6
524 30 16 51 37 7 4
443 36 20 539 20 22 6
217 20 22 6
406 6
174 52 320 20 150 12 6
596 18 15 45 33 6
98 39 280 4
449 306 8 13 21 6
261 5 21 4
261 5 4
110 5 47 53 6
380 64 23 159 10 6
31 5 41 123 8 6
47 618 64 425 6
59 24 6
340 15 12 22 6
564 10 658 77 37 6
420 456 6
176 5 40 9 7 6
176 5 40 4
479 200 175 64 6
624 11 27 134 34 19 6
415 19 6
70 356 20 6
233 77 6
651 53 18 371 8 6
28 11 13 23 441 573 35 9 6
28 11 13 23 67 20 6
588 12 6
672 24 6
395 18 120 58 6
39 127 10 36 20 6
39 127 10 36 20 22 6
39 127 10 373 6
535 6
37 570 6
37 355 6
187 27 19 6
136 142 9 6
136 142 6
136 142 46
155 155 6
89 652 310 20 12 24 6
67 20 22 6
67 20 93 6
162 29 8 6
374 8 22 6
667 6
349 140 70 41 4
664 19 22 6
295 8 4
295 27 52 22 6
585 16 4
152 33 34 24 6
129 5 25 314 4
114 82 12 7 4
114 86 11 4
144 5 44 66 4
144 44 66 4
144
601
593 6
112 18 6
28 18 6
16 7 158 20 45 33 7 4
67 45 33 6
9 22 24 6
358 49 7 6
71 4
71 9 7 4
71 111 39 411 6
71 111 39 9 6
107 279 8 6
107 279 8 19 6
107 18 611 29 8 6
465 6
103 4
397 4
608 27 52 93 6
92 462 27 6
92 509 6
429 514 6
185 55 8 24 6
185 55 8 101 6
391 10 544 19 6
646 6
531 6
21 22 6
27 22 6
474 9 6
259 9 24 6
259 34 24 6
203 9 24 6
203 34 24 6
98 147 229 6
61 66 13 162 45 33 6
324 656 15 45 33 22 6
74 5 4
74 5 16 4
74 5 16 9 7 4
382 74 5 4
143 4
318 4
568 315 34 24 6
62 5 17 4
105 5 17 4
410 33 34 24 6
16 18 96 19 11 4
538 6
164 6
377 27 4
134 10 55 20 27 6
134 10 55 20 27 22 6
117 101 6
39 22 6
290 6
657 253 81 9 6
253 81 9 6
103 65 76 12 6
103 65 6
103 206 24 6
527 5 17 4
54 9 6
56 11 13 376 27 101 6
587 22 6
168 77 6
168 77 37 6
47 438 18 17 19 11 4
72 18 17 19 11 4
228 34 24 6
548 34 24 6
408 6
54 433 6
28 11 17 19 42 5 4
28 11 17 19 42 5 16 4
16 267 18 17 19 11 4
210 20 27 22 6
210 20 27 9 22 6
59 54 7 6
39 24 6
81 629 99 81 552 8 6
381 10 6
113 11 85 5 540 9 6
470 22 6
85 18 27 11 4
409 643 558 34 6
574 35 6
84 9 6
508 10 5 39 101 6
345 18 606 73 55 20 126 8 6
605 27 49 19 6
272 5 40 4
48 11 166 5 4
59 620 392 36 490 8 6
48 156 536 5 636 309 6

